function color_arr = default_color_arr()

  color_arr =  [ 0.0         0.0       0.0 ; ...
                 1.0         1.0       0.384314; ...
                 1.0         0.623529  1.0     ; ...
                 0.0         0.839216  1.0     ; ...
                 0.843137    0.266667  0.0     ; ...
                 0.0         0.501961  0.160784; ...
                 0.0         0.372549  0.835294; ...
                 0.576471    0.0       0.407843; ...
                 1.0         0.796078  0.709804; ...
                 0.654902    0.52549   0.0     ; ...
                 0.0         1.0       0.772549; ...
                 0.0         0.494118  0.52549 ; ...
                 0.32549     0.258824  0.0     ; ...
                 0.54902     0.529412  0.576471; ...
                 0.407843    0.0       0.0     ; ...
                 0.0         0.0       0.352941; ...
                 1.0         0.172549  0.435294; ...
                 0.968627    1.0       0.964706; ...
                 0.0         0.239216  0.145098; ...
                 0.568627    0.670588  1.0     ; ...
                 0.631373    0.713725  0.517647; ...
                 0.376471    0.313725  0.317647; ...
                 0.756863    0.160784  0.886275; ...
                 1.0         0.556863  0.117647; ...
                 0.0         0.247059  0.317647; ...
                 0.47451     0.470588  0.376471; ...
                 0.180392    0.0       0.109804; ...
                 0.00392157  0.686275  0.6     ; ...
                 1.0         0.901961  1.0     ; ...
                 0.466667    0.854902  0.0];
end
